-40.289855 -84.753623 1.101449 
-50.145455 -60.327273 22.800000 
13.128205 -64.034188 23.863248 
-37.416667 -13.333333 -2.916667 
-6.924731 46.107527 7.096774 
8.642857 -35.928571 46.928571 
55.030303 -47.232323 40.929293 
-40.910891 -20.475248 53.663366 
-58.612903 -29.580645 -3.225806 
27.142857 59.371429 -2.114286 
2.595745 12.595745 48.936170 
52.813008 -54.829268 23.024390 
13.055556 13.111111 -7.111111 
-49.284404 -65.064220 -5.100917 
45.696970 9.535354 31.313131 
11.247059 -19.858824 8.517647 
-10.017094 -66.495726 22.085470 
-33.714286 19.956044 2.021978 
-9.304348 -37.782609 68.478261 
6.787879 43.313131 5.333333 
-42.292135 42.022472 13.078652 
-59.106383 -26.680851 15.617021 
44.329412 41.411765 14.823529 
43.051546 -73.443299 -11.092784 
-30.666667 -4.666667 -32.666667 
29.387755 -32.979592 62.775510 
0.647059 -16.294118 34.470588 
29.142857 -54.329670 59.164835 
42.953846 10.276923 -37.046154 
-57.397590 -43.132530 26.024096 
-45.659574 8.553191 31.404255 
40.395604 -4.659341 10.373626 
-13.793103 -31.724138 0.413793 
42.040816 24.367347 37.387755 
62.021978 -41.890110 -8.483516 
1.723077 33.661538 23.938462 
-28.780488 50.439024 -12.975610 
13.274725 -94.021978 1.758242 
-8.714286 -17.666667 9.857143 
1.659574 -38.170213 31.702128 
-14.571429 13.224490 -3.469388 
18.357895 -33.894737 -2.189474 
61.255814 -20.232558 -16.232558 
-28.711111 -6.177778 57.288889 
44.418605 30.372093 -10.372093 
-6.098361 -86.688525 24.557377 
0.514851 17.029703 32.158416 
-52.285714 -50.047619 41.714286 
-28.436364 32.000000 -15.563636 
1.203883 -52.233010 14.718447 
36.073394 18.091743 3.119266 
42.728972 -19.476636 53.196262 
-39.360000 21.013333 41.706667 
33.291667 -30.791667 -16.750000 
-43.920000 -52.080000 -19.280000 
28.252632 -0.336842 56.210526 
12.339623 -44.188679 67.433962 
61.118644 -16.745763 11.966102 
-28.080808 1.333333 3.111111 
59.310345 -43.620690 10.275862 
-11.793814 -70.020619 5.814433 
29.212121 25.030303 -15.454545 
-57.154639 -14.597938 -16.000000 
-43.320000 1.480000 47.520000 
-44.771084 33.397590 -8.626506 
31.040000 55.253333 14.240000 
-8.431373 -32.980392 45.058824 
-41.500000 13.562500 -28.187500 
0.163265 0.326531 41.510204 
13.421488 -77.190083 38.545455 
-43.021277 -66.468085 39.744681 
46.800000 7.955556 -10.088889 
-13.090909 6.000000 13.545455 
46.337079 -72.943820 15.415730 
37.046154 -12.246154 -26.461538 
-58.507463 -7.820896 25.492537 
7.833333 -73.805556 5.750000 
-17.500000 -15.590909 69.636364 
0.151899 52.253165 25.873418 
-19.224490 -6.489796 -16.285714 
40.188976 -42.519685 48.346457 
13.090909 -0.606061 16.606061 
-26.757282 12.194175 55.611650 
-29.727273 -35.681818 61.863636 
-34.076923 -80.961538 25.653846 
59.333333 -0.857143 25.571429 
-58.571429 -48.333333 -8.619048 
47.438596 -52.315789 -17.087719 
-51.818182 -2.969697 -28.727273 
35.342466 -86.191781 9.205479 
-9.813333 62.453333 13.920000 
17.301587 -54.984127 2.857143 
27.816092 34.942529 41.333333 
54.467290 -27.962617 -0.598131 
-6.947368 -92.631579 1.438596 
1.600000 56.711111 -7.600000 
30.291667 6.833333 -19.375000 
1.848739 -23.294118 67.764706 
-29.186813 12.703297 -17.186813 
42.453333 49.813333 -5.013333 
-26.250000 -73.571429 40.428571 
44.000000 1.600000 49.080000 
-56.658824 -28.376471 36.423529 
-56.947368 -48.175439 8.701754 
55.250000 5.500000 5.250000 
-40.181818 -12.772727 12.409091 
-28.123711 -37.319588 -11.876289 
0.656250 -14.531250 51.093750 
28.000000 44.181818 -14.181818 
-30.870588 38.635294 33.270588 
30.166667 18.166667 52.041667 
60.877193 -30.631579 25.754386 
-44.888889 -0.121212 -14.828283 
-26.000000 -92.410256 11.487179 
29.244444 -67.333333 46.711111 
-9.458824 47.200000 39.529412 
23.853659 -12.878049 67.121951 
14.819672 14.688525 6.754098 
-14.851485 -65.742574 55.405941 
40.240000 -10.520000 -4.680000 
21.652893 -68.958678 -11.867769 
10.210526 63.157895 9.684211 
54.500000 -2.800000 -26.200000 
-49.846154 23.538462 8.769231 
17.150000 -89.050000 21.650000 
52.936937 -61.117117 0.972973 
51.360000 28.853333 4.586667 
-31.946667 -20.693333 -18.826667 
-56.932039 -10.213592 4.815534 
-8.226415 -74.528302 40.452830 
1.157895 -4.052632 4.526316 
-0.256881 31.596330 44.844037 
-46.809524 -71.476190 11.571429 
-44.780488 27.170732 25.756098 
57.890110 -7.120879 -8.527473 
-51.753086 -13.679012 39.851852 
21.000000 -11.555556 -16.777778 
-34.545455 -53.050505 49.171717 
53.446809 -11.148936 38.808511 
-21.500000 -91.458333 -12.708333 
-36.425532 -77.531915 -15.404255 
-0.405797 21.043478 -8.637681 
10.426966 1.662921 65.842697 
9.857143 -63.035714 55.785714 
51.474747 21.252525 20.565657 
-54.157895 7.631579 17.263158 
44.830189 -64.452830 38.905660 
-26.050000 52.450000 22.700000 
32.470588 44.800000 27.435294 
-41.056604 49.433962 -3.622642 
32.680851 -77.531915 30.340426 
-43.448276 -37.287356 48.045977 
27.816514 -48.954128 -13.614679 
-8.722892 20.000000 60.000000 
-1.243243 -54.486486 38.351351 
30.172840 -87.111111 -11.160494 
-14.793103 -74.068966 -10.586207 
26.408163 1.469388 -0.408163 
-13.909910 -52.468468 -1.153153 
55.536842 -28.757895 43.368421 
45.090909 13.890909 -23.927273 
-8.202020 0.848485 65.777778 
-27.692308 57.692308 4.461538 
-47.227273 5.409091 2.136364 
43.755102 -24.489796 15.591837 
12.051282 43.282051 45.435897 
13.223529 21.647059 59.105882 
-18.962963 -52.148148 64.790123 
-27.560000 -57.520000 -13.720000 
-21.955556 30.711111 46.933333 
14.611111 56.777778 28.833333 
8.235294 -86.352941 -12.745098 
-46.666667 14.400000 -11.946667 
-4.285714 -52.428571 57.714286 
30.606061 -0.727273 -36.666667 
-15.532468 -29.766234 -19.428571 
-43.090909 -30.863636 14.818182 
