23
22
36
28
22
19
21
21
21
21
29
22
20
19
21
21
22
23
19
38
31
35
26
25
28
23
22
23
32
20
28
21
24
25
22
24
25
26
27
24
31
23
25
21
23
23
42
34
22
20
38
30
26
26
24
28
23
25
24
34
31
26
23
44
27
34
27
24
33
26
28
26
28
26
26
29
31
37
37
32
39
28
29
20
22
20
20
20
18
20
22
19
20
20
21
22
22
24
22
22
24
25
21
22
20
20
20
19
18
20
21
19
23
20
23
22
23
23
21
21
21
18
20
20
26
18
22
20
21
19
24
20
22
26
18
22
21
24
24
21
20
22
20
19
19
21
21
25
22
20
22
26
18
23
21
21
23
19
21
26
19
24
20
23
20
19
24
21
25
26
22
24
20
19
21
20
19
23
21
19
22
21
21
20
22
19
19
20
19
20
22
20
21
21
21
20
22
24
21
21
20
20
19
18
20
21
19
20
21
19
23
24
21
24
20
21
21
23
21
21
22
21
21
20
20
23
22
22
20
23
19
19
25
23
24
20
20
21
21
22
20
21
24
19
22
21
25
23
23
22
21
21
18
22
23
20
20
20
22
24
21
21
21
21
18
23
19
21
20
20
21
19
21
23
21
30
29
57
45
33
52
51
56
56
55
24
29
39
48
30
60
28
57
28
41
43
53
54
57
33
39
45
55
43
44
36
28
21
24
26
20
21
27
26
26
23
20
21
64
65
56
52
71
56
58
69
64
56
71
58
20
21
21
21
21
20
21
21
21
21
21
21
21
21
21
21
20
21
21
21
21
21
21
21
21
21
22
21
21
21
22
21
22
21
21
21
21
21
22
22
21
21
21
22
22
21
22
21
22
22
22
22
22
22
22
21
22
22
22
21
22
22
21
21
22
22
22
22
22
22
22
22
22
21
21
22
22
22
22
22
22
21
22
22
22
22
22
22
23
22
22
22
22
22
22
22
22
22
22
22
22
22
22
23
21
22
21
24
26
25
20
23
23
22
19
24
19
20
23
22
20
20
19
21
18
21
21
19
22
21
18
18
22
22
23
19
18
19
18
22
19
20
20
20
22
21
19
18
21
20
19
20
21
18
20
18
18
19
19
22
19
19
18
22
22
19
19
24
23
23
25
25
19
20
19
20
29
18
20
22
18
21
23
19
19
30
18
20
18
19
20
23
21
21
21
18
18
20
20
21
18
21
20
23
20
21
20
21
22
20
22
19
22
20
20
21
20
21
20
20
23
21
22
20
22
20
19
20
21
20
23
20
21
19
20
18
19
20
20
22
20
21
20
21
20
18
22
21
23
23
19
22
21
19
20
20
21
22
19
21
20
19
21
20
25
21
20
26
23
22
29
19
22
22
26
24
23
21
20
27
23
21
22
23
19
23
26
22
23
26
24
23
20
21
30
23
18
23
26
19
20
23
27
21
25
20
20
24
21
24
21
23
27
21
21
20
26
21
22
25
25
28
22
22
20
21
20
21
18
20
20
19
27
25
21
60
60
62
56
70
66
49
57
23
69
50
48
25
70
48
73
49
21
62
46
47
61
56
79
56
51
21
19
23
42
19
78
19
37
23
25
31
20
19
20
85
30
43
30
22
67
70
68
33
22
30
30
26
40
27
29
30
34
21
30
27
27
39
26
23
24
37
20
34
32
32
65
67
74
64
67
63
72
70
73
71
65
73
65
73
63
36
43
29
31
25
29
50
54
54
44
26
43
53
45
52
38
20
38
48
55
27
40
32
34
38
46
40
18
22
19
45
20
40
43
24
22
21
22
21
21
21.94
22.79
19.65
25.98
23.24
23.27
34.72
22.22
22.7
25.24
21.8
26
25.72
34.06
49.03
46.59
35.77
24.03
34.19
22.79
35
26.27
27.24
21
23.97
26.33
25.63
28.24
37.88
30.14
49.16
23.34
40.85
25.79
41.71
47.98
31.53
27.34
32.16
25.71
29.06
27.59
21.16
30.83
23.12
20.69
40.48
45.83
27.43
41.76
23.72
28.24
28.59
22.47
25.79
23.06
24.99
24.03
24.15
29
34
31
29
25
27
27
29
31
31
20
35
30
31
28
27
30
32
21
27
35
29
32
23
23
26
27
34
23
34
24
24
21
28
24
26
26
25
27
26
25
23
26
41
31
33
32
46
46
22
26
23
29
39
30
42
38
24
23
23
22
26
25
39
22
21
26
25
22
21
22
24
23
24
24
22
24.00
27.00
25.00
26.00
21.00
25.00
24.00
26.00
27.00
26.00
26.00
29.00
21.00
21.00
26.00
23.00
25.00
23.00
26.00
28.00
21.00
27.00
23.00
28.00
26.00
28.00
23.00
28.00
27.00
25.00
23.00
52
57
44
55
46
51
58
52
58
53
57
61
47
52
65
57
54
57
63
50
52
54
53
51
48
53
56
49
48
48
47
58
53
47
44
51
61
64
46
65
47
53
49
53
63
63
